7.024753281659357196e-01
7.321428571428573173e-01
6.256732495511670988e-01
5.681629162351315987e-01
1.000000000000000222e+00
6.324863883847551271e-01
1.000000000000000000e+00
6.864740251997296649e-01
7.275534594795750598e-01
9.001798724540780450e-01
6.838962390774371292e-01
7.432247341448776634e-01
9.696566486361398729e-01
7.545781075192840026e-01
9.305740987983982526e-01
7.435483870967741771e-01
9.999999999999998890e-01
7.008353381448811925e-01
6.719329479665099303e-01
5.857142857142858539e-01
8.637094109519086738e-01
8.965393522293617634e-01
8.490787730306742498e-01
7.779017857142856984e-01
7.408221165127243379e-01
8.773962697912416342e-01
9.117608184197307786e-01
8.116004504345988302e-01
9.999999999999997780e-01
7.115568215610473812e-01
9.419520706383091024e-01
9.095964034613306382e-01
7.120753683826264169e-01
7.536795354586485196e-01
7.608844818424297385e-01
6.665268239789330362e-01
6.933631987069174274e-01
8.724294045426641553e-01
7.506660484270254452e-01
7.743025763978540477e-01
6.263586956521738358e-01
8.093245951706806718e-01
9.204032338017000825e-01
8.590684759559152894e-01
9.751891831170024227e-01
8.094215436999614433e-01
8.245089928608635432e-01
8.446165841751982484e-01
7.218933613961238116e-01
7.741688091620896328e-01
1.000000000000000444e+00
8.605600027603338420e-01
7.935199925086618977e-01
9.700607734806631077e-01
6.819595034056880056e-01
7.873276413855951894e-01
9.332380661071707495e-01
8.251457448830873398e-01
9.266032417195206872e-01
8.876307017944385924e-01
8.627216752013633361e-01
8.186180500583494224e-01
9.100048240144904543e-01
